(* M1 Region Metric *)
gM1 = {
  {1.003605, -0.183501, -0.061438, -0.000000, 0.070515, -0.036418, 0.000000},
  {-0.183501, 0.950314, -0.038656, -0.000000, -0.021567, 0.016949, 0.000000},
  {-0.061438, -0.038656, 1.020547, -0.023221, -0.025399, -0.019564, -0.100642},
  {-0.000000, -0.000000, -0.023221, 1.052432, 0.064073, 0.017614, 0.063524},
  {0.070515, -0.021567, -0.025399, 0.064073, 1.027891, -0.084820, -0.041035},
  {-0.036418, 0.016949, -0.019564, 0.017614, -0.084820, 1.049967, -0.042065},
  {0.000000, 0.000000, -0.100642, 0.063524, -0.041035, -0.042065, 0.979070}
};

(* Neck Region Metric *)
gNeck = {
  {0.990366, -0.073803, -0.042172, -0.000000, 0.045487, -0.026994, -0.000000},
  {-0.073803, 0.995678, -0.015446, 0.000000, -0.014356, 0.032271, 0.000000},
  {-0.042172, -0.015446, 0.985543, -0.032264, -0.035820, 0.037801, -0.051987},
  {-0.000000, 0.000000, -0.032264, 1.085953, 0.063105, 0.085348, 0.095814},
  {0.045487, -0.014356, -0.035820, 0.063105, 1.004640, -0.039503, -0.032258},
  {-0.026994, 0.032271, 0.037801, 0.085348, -0.039503, 1.041865, -0.021932},
  {-0.000000, 0.000000, -0.051987, 0.095814, -0.032258, -0.021932, 0.960991}
};

(* M2 Region Metric *)
gM2 = {
  {1.002179, -0.046175, -0.053194, -0.000000, 0.022994, -0.026490, -0.000000},
  {-0.046175, 1.045596, -0.094644, -0.000000, -0.012488, 0.038045, 0.000000},
  {-0.053194, -0.094644, 0.954236, -0.054888, -0.063355, 0.051705, -0.054909},
  {-0.000000, -0.000000, -0.054888, 0.965102, 0.062216, 0.103596, 0.084371},
  {0.022994, -0.012488, -0.063355, 0.062216, 1.045504, -0.024558, -0.033228},
  {-0.026490, 0.038045, 0.051705, 0.103596, -0.024558, 1.088000, -0.019257},
  {-0.000000, 0.000000, -0.054909, 0.084371, -0.033228, -0.019257, 0.962718}
};

